1 0.553125 0.62109375 0.196875 0.69296875
1 0.41171875 0.8890625 0.07265625 0.221875
1 0.10546875 0.9515625 0.0953125 0.096875
1 0.71328125 0.634375 0.0578125 0.19765625
1 0.25546875 0.640625 0.25546875 0.71875
1 0.08828125 0.6421875 0.1765625 0.42109375
1 0.39609375 0.3703125 0.04765625 0.1328125
1 0.13203125 0.4125 0.046875 0.05078125
1 0.159375 0.3890625 0.0265625 0.06484375
1 0.18984375 0.46484375 0.06796875 0.1390625
1 0.25234375 0.31484375 0.09453125 0.17265625
1 0.23671875 0.38984375 0.03046875 0.06015625
1 0.240625 0.3359375 0.03671875 0.05390625
1 0.39921875 0.28828125 0.0375 0.06171875
1 0.46015625 0.246875 0.06015625 0.1109375
1 0.5515625 0.234375 0.11484375 0.278125
1 0.3515625 0.2765625 0.05234375 0.06171875
1 0.409375 0.26484375 0.03125 0.1125
1 0.2609375 0.21875 0.02890625 0.0296875
1 0.29140625 0.2296875 0.04765625 0.08671875
1 0.36640625 0.196875 0.05390625 0.11875
1 0.35078125 0.21875 0.03671875 0.06953125
1 0.31328125 0.184375 0.046875 0.09375
1 0.4109375 0.18203125 0.02421875 0.07421875
1 0.42421875 0.20078125 0.02890625 0.08359375
1 0.48671875 0.20546875 0.03359375 0.0953125
1 0.4359375 0.17421875 0.02265625 0.06796875
1 0.334375 0.1515625 0.04453125 0.08984375
1 0.3875 0.109375 0.05390625 0.16328125
1 0.35078125 0.10234375 0.0203125 0.05078125
1 0.45234375 0.08046875 0.0625 0.1421875
1 0.46640625 0.16484375 0.0375 0.07109375
1 0.47890625 0.12890625 0.03046875 0.05078125
1 0.53515625 0.0703125 0.06875 0.06328125
1 0.41640625 0.0921875 0.0109375 0.06328125
1 0.36484375 0.059375 0.01328125 0.03203125
0 0.6140625 0.48125 0.02578125 0.1296875