1 0.5234375 0.78515625 0.08671875 0.26015625
1 0.64609375 0.88203125 0.1296875 0.2359375
1 0.425 0.703125 0.0546875 0.17109375
1 0.446875 0.89765625 0.078125 0.2046875
1 0.31484375 0.896875 0.1453125 0.20625
1 0.190625 0.878125 0.1171875 0.24140625
1 0.31328125 0.965625 0.0890625 0.06875
1 0.065625 0.92578125 0.11796875 0.1484375
1 0.0765625 0.83203125 0.153125 0.25625
1 0.55078125 0.44296875 0.10859375 0.26015625
1 0.70234375 0.60546875 0.046875 0.13671875
1 0.434375 0.27109375 0.04453125 0.09609375
1 0.4546875 0.2109375 0.0328125 0.05390625
1 0.50234375 0.1734375 0.01328125 0.01953125
1 0.51640625 0.2 0.01796875 0.0234375
1 0.521875 0.18203125 0.0125 0.01953125
1 0.5671875 0.3203125 0.0734375 0.15234375
1 0.490625 0.4171875 0.028125 0.07578125
1 0.16640625 0.596875 0.18515625 0.25625
1 0.3234375 0.59921875 0.2078125 0.4453125
1 0.2234375 0.45390625 0.0390625 0.03125
1 0.24609375 0.43984375 0.02265625 0.0375
1 0.2734375 0.48671875 0.0546875 0.0828125
1 0.31015625 0.4421875 0.02734375 0.034375
1 0.3234375 0.3953125 0.075 0.10234375
1 0.31328125 0.40703125 0.03203125 0.03125
1 0.43984375 0.43203125 0.03828125 0.0828125
1 0.33125 0.33828125 0.02109375 0.01796875
1 0.4140625 0.32421875 0.04921875 0.0703125
1 0.40390625 0.33828125 0.02734375 0.0421875
1 0.4046875 0.37421875 0.04609375 0.0375
1 0.44296875 0.37890625 0.02734375 0.0359375
1 0.45078125 0.35625 0.02734375 0.04140625
1 0.35703125 0.3453125 0.03515625 0.05625
1 0.37421875 0.3203125 0.03984375 0.04921875
1 0.3890625 0.29375 0.0421875 0.05234375
1 0.4890625 0.346875 0.03984375 0.0609375
1 0.46953125 0.315625 0.02265625 0.05546875
1 0.5109375 0.30859375 0.02421875 0.04140625
1 0.4703125 0.28046875 0.01875 0.01953125
1 0.47890625 0.2796875 0.0125 0.0359375
1 0.5 0.29609375 0.03125 0.04375
1 0.5046875 0.27109375 0.02109375 0.028125
1 0.5140625 0.2671875 0.01796875 0.0375
1 0.55078125 0.2515625 0.05078125 0.0703125
1 0.39609375 0.2609375 0.01171875 0.0140625
1 0.40703125 0.26328125 0.01484375 0.03515625
1 0.5015625 0.23046875 0.03125 0.06796875
1 0.46015625 0.2625 0.0125 0.03359375
1 0.47109375 0.24609375 0.02421875 0.03046875
1 0.47421875 0.2328125 0.021875 0.025
1 0.41796875 0.23671875 0.01171875 0.0171875
1 0.47578125 0.21484375 0.0109375 0.0171875
1 0.52265625 0.1640625 0.0109375 0.0125
1 0.528125 0.1671875 0.0046875 0.0125
1 0.5359375 0.1703125 0.00625 0.015625
1 0.5234375 0.23359375 0.00859375 0.02890625
1 0.48671875 0.1984375 0.0109375 0.01953125
1 0.4796875 0.21953125 0.00703125 0.0109375
1 0.50546875 0.1921875 0.01328125 0.0140625
1 0.52890625 0.21796875 0.00625 0.01171875
1 0.5296875 0.2125 0.0125 0.01328125
1 0.53984375 0.2109375 0.0140625 0.01796875
1 0.53203125 0.2 0.0109375 0.01484375
1 0.53515625 0.1890625 0.0109375 0.009375
1 0.53984375 0.19453125 0.0109375 0.01328125
1 0.5484375 0.19765625 0.0125 0.015625
1 0.553125 0.2125 0.0125 0.01328125
0 0.46328125 0.41015625 0.02109375 0.06953125
0 0.603125 0.42890625 0.0234375 0.06953125