1 0.33984375 0.5046875 0.1421875 0.315625
1 0.4828125 0.55546875 0.03671875 0.1203125
1 0.43359375 0.62265625 0.04375 0.15
1 0.37265625 0.7953125 0.03515625 0.1859375
1 0.4359375 0.76953125 0.0328125 0.165625
1 0.25625 0.7203125 0.07109375 0.171875
1 0.30859375 0.93671875 0.0515625 0.1265625
1 0.38828125 0.9484375 0.04375 0.10234375
1 0.509375 0.85703125 0.09375 0.28125
0 0.528125 0.6703125 0.0171875 0.11171875
1 0.5296875 0.615625 0.03828125 0.1359375
0 0.521875 0.484375 0.01640625 0.07890625
1 0.54453125 0.475 0.02265625 0.08203125
1 0.51328125 0.38046875 0.0171875 0.07265625
1 0.4234375 0.42578125 0.02578125 0.07578125
1 0.5171875 0.24140625 0.0109375 0.028125
1 0.54296875 0.390625 0.01953125 0.06796875
0 0.55 0.62890625 0.01953125 0.07734375
0 0.56640625 0.61640625 0.01875 0.10234375
1 0.57421875 0.575 0.034375 0.121875
1 0.13671875 0.8265625 0.2734375 0.346875
0 0.56484375 0.43515625 0.0125 0.07109375
1 0.565625 0.38046875 0.0171875 0.04765625
1 0.5703125 0.35546875 0.0234375 0.06328125
1 0.54453125 0.2984375 0.00859375 0.034375
1 0.5703125 0.30078125 0.021875 0.05859375
1 0.5375 0.26953125 0.01015625 0.03125
1 0.534375 0.22734375 0.01796875 0.04765625
1 0.5484375 0.25390625 0.00703125 0.028125
1 0.55625 0.24375 0.00859375 0.0265625
0 0.54296875 0.67890625 0.015625 0.1203125
0 0.48984375 0.93671875 0.0234375 0.1265625
0 0.5328125 0.94140625 0.02578125 0.11484375
0 0.58984375 0.734375 0.01796875 0.125
0 0.57421875 0.48828125 0.01328125 0.06484375
0 0.57890625 0.4453125 0.00703125 0.06953125
1 0.59609375 0.4734375 0.0234375 0.09765625