1 0.234375 0.91015625 0.0578125 0.17890625
1 0.503125 0.76171875 0.27421875 0.36484375
1 0.4671875 0.37421875 0.028125 0.07578125
0 0.4578125 0.496875 0.02109375 0.11328125
1 0.48984375 0.446875 0.03203125 0.10390625
1 0.52890625 0.2515625 0.0234375 0.04296875
1 0.1125 0.8984375 0.1375 0.203125
1 0.46484375 0.6203125 0.08125 0.1484375
1 0.39453125 0.671875 0.05078125 0.15625
1 0.590625 0.8625 0.103125 0.20390625
0 0.5171875 0.50703125 0.0125 0.09296875
0 0.5296875 0.4828125 0.01484375 0.07578125
0 0.55078125 0.4484375 0.01640625 0.08203125
1 0.5765625 0.4359375 0.0265625 0.04140625
1 0.5765625 0.38203125 0.0234375 0.04765625
0 0.5609375 0.33359375 0.01171875 0.06796875
1 0.58515625 0.31328125 0.021875 0.05546875
1 0.5765625 0.26015625 0.0140625 0.05078125
1 0.55 0.20390625 0.01796875 0.0375
1 0.57109375 0.2171875 0.0125 0.0359375
0 0.5859375 0.26875 0.009375 0.04609375
1 0.58671875 0.20546875 0.0109375 0.034375
1 0.57109375 0.18828125 0.01328125 0.0328125
0 0.59375 0.26875 0.0109375 0.0359375
1 0.59609375 0.24296875 0.01171875 0.04453125
1 0.5390625 0.56484375 0.0328125 0.05703125
1 0.56640625 0.54453125 0.0265625 0.07890625
1 0.57265625 0.48984375 0.02890625 0.05234375
1 0.57265625 0.4578125 0.025 0.04140625
1 0.596875 0.38515625 0.0171875 0.05390625
1 0.48828125 0.55546875 0.03125 0.07265625
1 0.49609375 0.546875 0.0640625 0.09296875
1 0.48984375 0.9390625 0.0671875 0.121875
0 0.41015625 0.42265625 0.01953125 0.08828125
0 0.51171875 0.87578125 0.05625 0.1421875
0 0.5953125 0.93984375 0.0359375 0.11953125
0 0.609375 0.30703125 0.0109375 0.05859375