1 0.43828125 0.89140625 0.11953125 0.1984375
1 0.27265625 0.9296875 0.13125 0.13984375
1 0.5734375 0.90703125 0.13046875 0.159375
1 0.4046875 0.715625 0.1015625 0.07578125
1 0.24140625 0.778125 0.14140625 0.28671875
1 0.340625 0.80625 0.065625 0.13515625
1 0.54140625 0.834375 0.096875 0.13359375
1 0.53046875 0.7828125 0.07890625 0.115625
1 0.5078125 0.73203125 0.07890625 0.08984375
1 0.29296875 0.6546875 0.128125 0.18984375
1 0.50625 0.68359375 0.08046875 0.0765625
1 0.3984375 0.66953125 0.06953125 0.0328125
1 0.39921875 0.66640625 0.06875 0.03515625
1 0.09765625 0.73515625 0.1875 0.27109375
1 0.9203125 0.9359375 0.146875 0.128125
1 0.9015625 0.8453125 0.14609375 0.15234375
1 0.77421875 0.78203125 0.096875 0.08828125
1 0.7484375 0.69375 0.12578125 0.16953125
1 0.875 0.73515625 0.1078125 0.08359375
1 0.97265625 0.86171875 0.0546875 0.15703125
1 0.90078125 0.6671875 0.115625 0.16796875
1 0.97734375 0.75078125 0.0453125 0.1015625
1 0.4921875 0.640625 0.06171875 0.06953125
1 0.40390625 0.63984375 0.059375 0.028125
1 0.3890625 0.60859375 0.05625 0.0484375
1 0.403125 0.61640625 0.053125 0.02578125
1 0.38828125 0.5484375 0.0515625 0.08046875
1 0.4765625 0.5890625 0.09609375 0.11484375
1 0.35 0.44609375 0.05703125 0.0859375
1 0.4015625 0.415625 0.05 0.06640625
1 0.309375 0.496875 0.078125 0.10390625
1 0.31171875 0.53359375 0.0484375 0.05
1 0.2078125 0.553125 0.0890625 0.11796875
1 0.45 0.53984375 0.05234375 0.0640625
1 0.43671875 0.51796875 0.03828125 0.0578125
1 0.69375 0.54453125 0.07421875 0.10078125
1 0.80859375 0.69765625 0.04453125 0.078125
1 0.62265625 0.45 0.075 0.0984375
1 0.7578125 0.553125 0.04921875 0.07109375
1 0.8265625 0.66484375 0.0390625 0.0828125
1 0.85078125 0.51796875 0.12578125 0.128125
1 0.8453125 0.55390625 0.06015625 0.046875
1 0.75703125 0.5015625 0.05078125 0.05625
1 0.67265625 0.48359375 0.03125 0.03359375