1 0.61328125 0.75390625 0.03828125 0.14921875
1 0.55078125 0.571875 0.02734375 0.0921875
1 0.61796875 0.44375 0.0109375 0.05234375
1 0.6046875 0.3703125 0.0234375 0.04609375
1 0.6546875 0.40390625 0.0203125 0.03828125
1 0.70234375 0.4921875 0.0421875 0.0703125
1 0.7671875 0.74140625 0.06875 0.15625
1 0.8875 0.91953125 0.1078125 0.1609375
1 0.80625 0.8484375 0.065625 0.20390625
1 0.09921875 0.73203125 0.08984375 0.1328125
1 0.3578125 0.540625 0.03671875 0.06953125
1 0.45 0.45 0.021875 0.0546875
1 0.51953125 0.3703125 0.02578125 0.05859375
1 0.25546875 0.54765625 0.04609375 0.0828125
1 0.2 0.57421875 0.04453125 0.08125
1 0.08125 0.62734375 0.09609375 0.08984375
1 0.1546875 0.590625 0.03671875 0.08203125
1 0.8546875 0.79140625 0.05703125 0.12109375
1 0.8109375 0.70390625 0.05859375 0.11328125
1 0.78828125 0.63984375 0.0515625 0.06484375
1 0.33046875 0.4984375 0.03125 0.05703125
1 0.40703125 0.41328125 0.046875 0.07109375
1 0.4546875 0.409375 0.01640625 0.03359375
1 0.22578125 0.521875 0.03984375 0.06640625
1 0.3765625 0.45625 0.028125 0.05078125
1 0.3265625 0.46328125 0.03359375 0.04609375