1 0.5046875 0.65234375 0.48984375 0.596875
1 0.5671875 0.27109375 0.23203125 0.296875
1 0.434375 0.20859375 0.2390625 0.2859375
1 0.82109375 0.3171875 0.215625 0.36171875
0 0.88671875 0.43125 0.04765625 0.1890625
1 0.9390625 0.81796875 0.121875 0.33984375
1 0.1109375 0.8578125 0.221875 0.28359375
1 0.86875 0.70234375 0.2625 0.2484375
1 0.89375 0.5578125 0.14453125 0.06015625
1 0.6984375 0.35390625 0.05546875 0.171875
1 0.259375 0.46796875 0.0578125 0.19375
1 0.7 0.24375 0.08203125 0.22734375
1 0.67421875 0.078125 0.13515625 0.1359375
1 0.8515625 0.1 0.13828125 0.09609375
1 0.5375 0.07890625 0.07890625 0.071875
1 0.734375 0.05546875 0.04921875 0.0953125
1 0.5921875 0.08828125 0.03359375 0.04921875
0 0.82421875 0.83984375 0.0734375 0.253125
0 0.775 0.86171875 0.0625 0.21875
0 0.8796875 0.81015625 0.0765625 0.28203125
0 0.96796875 0.90625 0.0640625 0.18359375
0 0.9765625 0.45078125 0.04140625 0.16953125
0 0.93359375 0.434375 0.03359375 0.1625