1 0.3296875 0.8171875 0.1875 0.365625
1 0.6 0.7859375 0.196875 0.428125
1 0.44375 0.69609375 0.07421875 0.1640625
1 0.58125 0.61171875 0.07734375 0.19921875
1 0.5015625 0.6015625 0.0671875 0.11796875
1 0.43984375 0.58984375 0.03359375 0.065625
1 0.51640625 0.4921875 0.09609375 0.15625
1 0.59453125 0.475 0.065625 0.146875
1 0.703125 0.62578125 0.0375 0.125
1 0.71171875 0.5734375 0.05703125 0.1125
1 0.75625 0.9109375 0.08203125 0.178125
1 0.7140625 0.8578125 0.03984375 0.1859375
1 0.8546875 0.8296875 0.0828125 0.21875
1 0.7671875 0.7515625 0.05859375 0.16640625
1 0.834375 0.70703125 0.06171875 0.11796875
1 0.72265625 0.50390625 0.0640625 0.06640625
1 0.65703125 0.553125 0.040625 0.06328125
1 0.6375 0.4703125 0.03203125 0.0625
1 0.78828125 0.58984375 0.03671875 0.0921875
1 0.846875 0.5890625 0.04375 0.10390625
1 0.90625 0.58671875 0.05 0.1015625
1 0.84375 0.51796875 0.125 0.0734375
1 0.66328125 0.48828125 0.03359375 0.071875
1 0.7515625 0.6734375 0.0484375 0.11328125
1 0.74453125 0.62109375 0.053125 0.1046875
1 0.74296875 0.571875 0.04140625 0.04609375
1 0.95703125 0.56171875 0.04453125 0.0890625
1 0.653125 0.425 0.02734375 0.04453125
1 0.56484375 0.41484375 0.02265625 0.03515625
1 0.5828125 0.3796875 0.03515625 0.05078125
1 0.1140625 0.6390625 0.07734375 0.125
1 0.23671875 0.69765625 0.1421875 0.13515625
1 0.1953125 0.63828125 0.06484375 0.11328125
1 0.11484375 0.58046875 0.12578125 0.11015625
1 0.19296875 0.54765625 0.1109375 0.0890625
1 0.371875 0.54296875 0.08046875 0.10390625
1 0.3515625 0.4984375 0.0421875 0.065625
1 0.3234375 0.45625 0.05390625 0.05625
1 0.2453125 0.48828125 0.053125 0.05078125
1 0.03515625 0.78046875 0.0703125 0.1421875
1 0.01875 0.6453125 0.0375 0.11875
1 0.23984375 0.5859375 0.059375 0.10234375
0 0.921875 0.9203125 0.034375 0.159375
0 0.96328125 0.88359375 0.03203125 0.08203125
0 0.91328125 0.74921875 0.0296875 0.128125
0 0.94140625 0.74609375 0.03359375 0.12734375
0 0.95703125 0.72109375 0.0234375 0.09375
0 0.9609375 0.66171875 0.02265625 0.05859375