1 0.5796875 0.66640625 0.275 0.275
1 0.34609375 0.64921875 0.234375 0.20234375
1 0.18984375 0.87734375 0.35390625 0.24453125
1 0.3484375 0.92265625 0.334375 0.1546875
1 0.04296875 0.86640625 0.0859375 0.24140625
1 0.0390625 0.71484375 0.078125 0.128125
1 0.55546875 0.45859375 0.20859375 0.21875
1 0.41015625 0.44609375 0.075 0.10390625
1 0.58203125 0.29296875 0.1765625 0.1796875
1 0.69375 0.49921875 0.13359375 0.1421875
1 0.559375 0.53359375 0.02890625 0.0484375
1 0.60859375 0.50390625 0.0453125 0.0671875
1 0.82265625 0.509375 0.12265625 0.14921875
1 0.71953125 0.33359375 0.0921875 0.14140625
1 0.875 0.421875 0.0703125 0.0984375
1 0.7875 0.42578125 0.0828125 0.08671875
1 0.840625 0.3421875 0.046875 0.06640625
1 0.79296875 0.3625 0.06953125 0.07734375
1 0.8875 0.37421875 0.071875 0.06328125
1 0.91015625 0.3296875 0.06796875 0.08359375
1 0.7390625 0.2484375 0.08359375 0.05390625
1 0.78671875 0.29375 0.05078125 0.07265625
1 0.89296875 0.2796875 0.06640625 0.05859375
1 0.9359375 0.29765625 0.034375 0.05390625
1 0.73828125 0.2234375 0.059375 0.0375
1 0.8390625 0.29765625 0.04296875 0.0390625
1 0.92578125 0.2484375 0.03984375 0.04296875
1 0.96640625 0.2859375 0.04140625 0.0421875
1 0.978125 0.25 0.03984375 0.03359375
1 0.83984375 0.275 0.034375 0.0265625
1 0.859375 0.265625 0.03359375 0.03984375
1 0.88359375 0.23984375 0.03828125 0.03671875
1 0.95390625 0.19609375 0.03046875 0.0375
0 0.20859375 0.546875 0.03828125 0.1078125
0 0.0390625 0.590625 0.03671875 0.1296875
0 0.078125 0.55859375 0.0390625 0.11015625
0 0.0640625 0.65 0.04609375 0.1390625
0 0.11328125 0.5203125 0.0421875 0.11171875
0 0.1546875 0.48515625 0.034375 0.10390625
0 0.2765625 0.425 0.02421875 0.08515625
0 0.3046875 0.40234375 0.034375 0.0828125
0 0.371875 0.375 0.0265625 0.07265625
0 0.40390625 0.3796875 0.01875 0.05546875
0 0.01953125 0.61484375 0.0390625 0.1125
0 0.19375 0.46171875 0.03671875 0.090625
0 0.24375 0.51953125 0.03671875 0.09921875