1 0.54296875 0.81484375 0.071875 0.2015625
1 0.6109375 0.8375 0.05234375 0.1578125
1 0.65625 0.8359375 0.02734375 0.12890625
1 0.4609375 0.778125 0.04765625 0.12265625
1 0.2515625 0.84375 0.084375 0.15859375
1 0.31875 0.6609375 0.04453125 0.140625
1 0.22890625 0.66171875 0.0515625 0.11640625
1 0.4765625 0.66875 0.046875 0.13828125
1 0.521875 0.63046875 0.03359375 0.07578125
1 0.5765625 0.66953125 0.04921875 0.10234375
1 0.67578125 0.63984375 0.0890625 0.26484375
1 0.79609375 0.70546875 0.1140625 0.0921875
1 0.6234375 0.7484375 0.0234375 0.06953125
1 0.578125 0.58046875 0.015625 0.05859375
1 0.46953125 0.55390625 0.02265625 0.06015625
1 0.428125 0.4796875 0.01796875 0.03359375
1 0.44921875 0.4921875 0.01875 0.0390625
1 0.51640625 0.54375 0.0265625 0.075
1 0.5625 0.52890625 0.03203125 0.0953125
1 0.5984375 0.5234375 0.009375 0.03984375
1 0.62421875 0.6125 0.0296875 0.075
1 0.615625 0.5765625 0.02890625 0.04921875
1 0.621875 0.54140625 0.01328125 0.02890625
1 0.72421875 0.6921875 0.01640625 0.0875
1 0.8609375 0.90078125 0.225 0.19765625
1 0.509375 0.49296875 0.02421875 0.05546875
1 0.359375 0.5609375 0.0265625 0.05234375
1 0.303125 0.5328125 0.01796875 0.0453125
1 0.33671875 0.528125 0.02421875 0.0578125
1 0.12265625 0.584375 0.04140625 0.06015625
1 0.1546875 0.5625 0.02109375 0.046875
1 0.5734375 0.45859375 0.02421875 0.05703125
1 0.53828125 0.4859375 0.01171875 0.04140625
0 0.41484375 0.7015625 0.0171875 0.08984375
0 0.04921875 0.6609375 0.01875 0.0828125
0 0.0703125 0.6546875 0.01796875 0.071875
1 0.95625 0.7671875 0.04296875 0.11171875
0 0.8890625 0.72578125 0.015625 0.10234375
0 0.90234375 0.73203125 0.01328125 0.090625
1 0.9234375 0.734375 0.03203125 0.10703125
1 0.82109375 0.64296875 0.03515625 0.0828125
1 0.75234375 0.55703125 0.01640625 0.0421875