1 0.71015625 0.8671875 0.15859375 0.1671875
1 0.49296875 0.7921875 0.05390625 0.0796875
1 0.2734375 0.82421875 0.16953125 0.1671875
1 0.44140625 0.628125 0.06171875 0.0640625
1 0.4984375 0.61015625 0.0234375 0.03984375
1 0.85078125 0.81484375 0.1625 0.14296875
1 0.7765625 0.7109375 0.1296875 0.090625
1 0.65625 0.628125 0.065625 0.04375
1 0.57421875 0.5875 0.04609375 0.03515625
1 0.2375 0.65703125 0.10390625 0.0671875
1 0.1546875 0.71328125 0.06015625 0.06171875
1 0.4578125 0.5765625 0.04296875 0.03125
1 0.27265625 0.59375 0.0671875 0.04375
1 0.3390625 0.5921875 0.0578125 0.04140625
1 0.05625 0.6984375 0.11171875 0.15234375
1 0.58828125 0.559375 0.0640625 0.025
1 0.4609375 0.553125 0.01875 0.01171875
1 0.4734375 0.5359375 0.028125 0.02265625
1 0.4 0.53828125 0.04140625 0.02734375
1 0.29375 0.56875 0.02265625 0.01796875
1 0.665625 0.6015625 0.1109375 0.03125
1 0.471875 0.515625 0.015625 0.01875