1 0.2359375 0.73046875 0.2921875 0.21875
1 0.83203125 0.69921875 0.2546875 0.2375
1 0.25546875 0.5984375 0.1296875 0.075
1 0.271875 0.5734375 0.06171875 0.02890625
1 0.58203125 0.5875 0.0984375 0.0765625
1 0.36015625 0.5953125 0.06796875 0.07421875
1 0.3984375 0.58515625 0.04765625 0.071875
1 0.44921875 0.5625 0.03671875 0.03671875
1 0.621875 0.58203125 0.0765625 0.05546875
1 0.709375 0.58671875 0.09921875 0.0609375
1 0.721875 0.56796875 0.06484375 0.0421875
1 0.928125 0.584375 0.1234375 0.06796875
1 0.5234375 0.5703125 0.03515625 0.04140625
1 0.078125 0.55859375 0.01796875 0.01953125
1 0.103125 0.5625 0.0359375 0.03046875
1 0.06015625 0.5640625 0.02890625 0.02578125
1 0.23671875 0.5703125 0.04453125 0.0203125