1 0.7578125 0.84921875 0.0640625 0.08828125
1 0.66953125 0.7640625 0.05078125 0.0984375
1 0.72578125 0.771875 0.075 0.0890625
1 0.54609375 0.66484375 0.0421875 0.08046875
1 0.59296875 0.68515625 0.03046875 0.06328125
1 0.61875 0.6734375 0.03203125 0.065625
1 0.65 0.71640625 0.040625 0.08125
1 0.55078125 0.58984375 0.03515625 0.05703125
1 0.57109375 0.5828125 0.01875 0.0328125
1 0.58203125 0.64921875 0.015625 0.028125
1 0.5828125 0.61875 0.0234375 0.03671875
1 0.61328125 0.62890625 0.02109375 0.05
1 0.6046875 0.5921875 0.01796875 0.03515625
1 0.646875 0.6609375 0.0296875 0.0484375
1 0.6484375 0.615625 0.028125 0.040625
1 0.59375 0.56796875 0.0140625 0.025
1 0.28046875 0.87890625 0.1078125 0.1234375
1 0.10546875 0.82109375 0.06171875 0.08671875
1 0.35625 0.76328125 0.096875 0.08359375
1 0.39453125 0.7046875 0.0328125 0.05546875
1 0.8515625 0.79921875 0.04921875 0.0953125
1 0.9140625 0.9296875 0.05703125 0.12734375
1 0.95703125 0.96484375 0.0859375 0.0703125
1 0.97734375 0.928125 0.0453125 0.10390625
1 0.959375 0.86953125 0.0625 0.1140625
1 0.8890625 0.84765625 0.046875 0.1203125
1 0.921875 0.81796875 0.04453125 0.08125
1 0.81171875 0.74765625 0.0453125 0.09140625
1 0.77109375 0.70546875 0.0359375 0.07109375
1 0.75234375 0.66484375 0.03046875 0.059375
1 0.87734375 0.75234375 0.053125 0.10546875
1 0.8296875 0.71640625 0.03671875 0.0734375
1 0.23984375 0.703125 0.0859375 0.065625
1 0.115625 0.76796875 0.0984375 0.07890625
1 0.33046875 0.6734375 0.03359375 0.06875
1 0.35546875 0.67890625 0.03125 0.0484375
1 0.38828125 0.64921875 0.0265625 0.05078125
1 0.4046875 0.66171875 0.0375 0.046875
1 0.67109375 0.653125 0.0296875 0.0609375
1 0.45625 0.61015625 0.059375 0.06875
1 0.2921875 0.66875 0.0484375 0.05546875
1 0.37578125 0.634375 0.03671875 0.05078125