1 0.66640625 0.78828125 0.08828125 0.11484375
1 0.890625 0.884375 0.090625 0.15390625
1 0.66171875 0.6828125 0.06015625 0.07265625
1 0.384375 0.7625 0.07265625 0.1203125
1 0.22265625 0.871875 0.11328125 0.1578125
1 0.37109375 0.6515625 0.04375 0.059375
1 0.3828125 0.60625 0.01875 0.034375
1 0.42109375 0.60078125 0.034375 0.04609375
1 0.40390625 0.54375 0.025 0.0359375
1 0.43828125 0.54296875 0.0234375 0.034375
1 0.17578125 0.703125 0.07109375 0.08515625
1 0.35703125 0.5625 0.01796875 0.03515625
1 0.5125 0.60859375 0.0671875 0.134375
1 0.5546875 0.59765625 0.02578125 0.0609375
1 0.48515625 0.5328125 0.01953125 0.03046875
1 0.49296875 0.496875 0.021875 0.040625
1 0.5328125 0.51953125 0.01328125 0.0171875
1 0.54921875 0.5171875 0.0109375 0.02734375
1 0.4296875 0.52109375 0.0265625 0.0375
1 0.47265625 0.4921875 0.01171875 0.015625
1 0.415625 0.51171875 0.01328125 0.01875
1 0.43671875 0.50078125 0.021875 0.0296875
1 0.453125 0.48359375 0.00703125 0.0125