1 0.8546875 0.86640625 0.290625 0.2671875
1 0.1265625 0.86328125 0.25234375 0.2734375
1 0.65234375 0.6140625 0.1796875 0.2109375
1 0.0984375 0.62890625 0.19609375 0.1875
1 0.67734375 0.4328125 0.0921875 0.1078125
1 0.81796875 0.5671875 0.10546875 0.12890625
1 0.72890625 0.52890625 0.08125 0.11796875
1 0.53828125 0.46796875 0.0828125 0.11328125
1 0.6203125 0.490625 0.0703125 0.05390625
1 0.24609375 0.60703125 0.175 0.1703125
1 0.215625 0.490625 0.14296875 0.10546875
1 0.3859375 0.64921875 0.2796875 0.45390625
1 0.32265625 0.4875 0.11171875 0.09453125
1 0.52421875 0.39921875 0.0421875 0.03359375
1 0.58046875 0.390625 0.0765625 0.06796875
1 0.4234375 0.38984375 0.03828125 0.05546875
1 0.47421875 0.390625 0.06015625 0.053125
1 0.3171875 0.39375 0.08359375 0.06640625
1 0.3671875 0.41640625 0.08046875 0.07421875
1 0.653125 0.37265625 0.08203125 0.065625
1 0.41953125 0.36328125 0.0640625 0.05546875
1 0.503125 0.35546875 0.0375 0.0453125
1 0.35234375 0.36328125 0.0671875 0.046875
1 0.4375 0.334375 0.0484375 0.0328125
1 0.4921875 0.3359375 0.05078125 0.04453125
1 0.56796875 0.353125 0.05859375 0.04765625
1 0.378125 0.3375 0.0515625 0.03828125
1 0.546875 0.32421875 0.046875 0.04140625
1 0.6171875 0.32109375 0.053125 0.04375