1 0.4828125 0.82734375 0.121875 0.3453125
1 0.3625 0.66171875 0.0296875 0.08984375
1 0.32578125 0.62734375 0.028125 0.08828125
1 0.240625 0.68828125 0.0546875 0.115625
1 0.10390625 0.78046875 0.0625 0.15234375
1 0.546875 0.6796875 0.03359375 0.121875
1 0.578125 0.71171875 0.0375 0.12265625
1 0.7828125 0.9203125 0.10625 0.15859375
1 0.80078125 0.78828125 0.10078125 0.18125
1 0.48046875 0.4625 0.02890625 0.07578125
1 0.5125 0.53515625 0.01875 0.04921875
1 0.5296875 0.53984375 0.015625 0.05
1 0.5546875 0.59296875 0.0203125 0.0625
1 0.61796875 0.71484375 0.0359375 0.12734375
1 0.6015625 0.665625 0.02109375 0.084375
1 0.60234375 0.56171875 0.08046875 0.065625
1 0.55078125 0.525 0.025 0.04609375
1 0.35703125 0.5578125 0.02109375 0.05078125
1 0.28671875 0.6109375 0.03125 0.08515625
1 0.23359375 0.60078125 0.0546875 0.0734375
1 0.165625 0.72734375 0.06953125 0.14140625
1 0.38828125 0.51640625 0.021875 0.06875
1 0.50234375 0.46875 0.01328125 0.03984375
1 0.515625 0.465625 0.0109375 0.028125
1 0.43125 0.44296875 0.02734375 0.059375